-0.5021924
-0.3706612
-0.4495783
0.4372065
0.5541778
0.8728079
0.2910172
1.00555
0.1802905
-0.1795716
-0.08968549
0.006588966
-0.195045
0.5447955
0.668175
0.6388583
0.2500041
0.7608603
-0.1529539
2.157343
1.719253
2.483314
2.745275
3.518679
2.7043
2.26585
1.545628
1.776573
0.6188433
0.8659193
0.7748057
2.532181
2.394252
2.283058
1.593044
1.37125
1.554157
1.971481
3.036883
4.007085
3.905456
5.308659
3.531884
4.154751
3.632468
4.954699
4.591258
5.910324
5.954103
4.075447
3.628385
1.889787
2.068652
3.966118
1.694192
2.674656
1.275831
3.100703
4.482002
3.64315
3.381154
3.31231
2.933427
5.515386
5.64522
4.932195
5.570189
5.771881
5.701964
5.609474
6.058377
4.994021
3.831602
5.480124
3.418028
3.430777
2.343249
2.613789
3.62224
1.547836
2.444658
2.394662
1.049313
-0.8818987
-0.1723171
-0.3302221
-0.1138542
0.7035078
2.430684
2.326913
1.769791
3.198092
2.305135
1.147564
0.6172674
3.06295
2.230454
2.643974
1.465291
0.2912563
-0.04166709
1.321447
0.8522993
1.695175
0.2371812
-0.1631247
-0.939542
-1.308839
-0.06873707
-0.1761709
-0.003577372
0.2510239
-0.3635099
-1.792725
-2.1237
-1.995314
-0.9771944
-1.232768
-1.535309
0.07988157
-0.6938318
-0.2698294
-0.8537764
-0.4387407
-1.984002
-2.502752
-2.782543
-1.775086
-2.244656
-1.946759
-2.364553
-3.214934
-2.525888
-2.986084
-1.6379
-1.194828
-1.345755
-0.8902057
-0.9303604
-0.4742393
-0.8826644
-3.019158
-2.862336
-2.202287
-3.184122
-4.297766
-4.735113
-5.251224
-4.832228
-4.698073
-3.663387
-2.009883
-2.02783
-2.052033
-1.801787
-2.138911
-2.252265
-2.351148
-2.087061
-1.948077
-2.190347
-2.131315
-2.308587
-1.513907
-1.507169
-2.136959
-2.389449
-3.079871
-2.877329
-2.030948
-1.398874
-1.19746
-1.288531
-0.9990468
-1.053732
-3.095582
-2.737212
-3.109813
-1.841504
0.327096
-0.9126268
-0.322753
-0.1987337
-0.7224414
-0.1022134
0.6060081
0.5128098
0.2176131
-0.8682021
-1.493017
-1.726024
-1.976841
-1.022945
-1.288918
0.6063582
0.1763673
1.751914
1.913856
0.8284026
1.40534
1.433512
1.076808
1.929435
2.4428
3.461003
2.439524
1.877856
0.8652995
-2.155515
-1.823165
-0.582653
0.08869661
-1.241338
-2.091918
-3.880749
-2.649227
-2.983626
-3.950948
-3.071578
-3.325157
-4.843033
-4.866916
-4.840256
-4.676575
-4.266567
-4.89393
-4.257012
-5.458947
-4.112404
-4.711171
-4.268967
-3.655441
-3.954537
-5.555125
-5.894592
-6.4759
-6.866262
-6.020747
-5.33602
-5.098307
-5.808929
-3.19561
-4.822257
-6.429564
-6.089246
-3.361359
-3.688549
-4.945445
-5.376843
-2.82799
-3.599398
-4.106741
-4.376763
-3.628647
-2.960053
-3.415351
-5.343197
-3.46122
-4.710931
-5.200276
-4.984884
-4.562776
-5.783924
-5.471696
-4.585234
-4.110423
-3.240582
-4.127106
-4.255761
-3.159251
-2.641221
-2.243188
-1.176529
-1.626069
-0.9999668
-1.818803
-2.082319
-1.927744
-1.359298
-4.019458
-2.882925
-2.461153
-1.11107
-0.007313021
0.6397331
0.8153689
1.468927
1.403436
2.048959
2.413253
3.256694
2.580215
2.188782
2.593723
1.486864
1.103564
1.397584
3.190645
4.004677
2.684653
0.8292074
-0.1893573
-1.234468
-1.885756
-1.503073
-0.4711737
-0.3400987
0.03709301
-1.850602
-1.330383
-0.4712295
-1.273718
-1.765679
-1.976633
-2.44031
-2.14083
-2.746304
-3.185316
-3.90607
-3.125265
-4.347549
-3.456355
-3.202432
-3.268248
-3.066782
-0.5890819
-0.1173291
1.208869
1.877467
1.740073
0.3289014
1.529264
1.828355
2.284581
2.72266
2.507639
2.195516
1.502886
-0.8933438
-2.477619
-0.7188705
-3.081757
-2.688585
-2.122647
-3.166638
-2.143524
-2.656188
-2.608452
-1.215575
-1.648074
-1.783242
-0.4855066
-0.5562331
-0.9770613
0.1642791
-0.2628474
1.132822
0.836635
1.419295
-1.256935
-2.657614
0.6465374
1.503315
2.664331
2.943268
2.92972
0.2533409
0.3746553
-0.1258879
1.25379
0.8478034
2.243735
2.982331
3.718946
2.985858
1.087462
1.533341
1.989602
0.4634046
0.3828219
0.04281134
0.09649214
-0.5951427
-0.8986376
-2.093652
-1.073916
-1.55236
-2.211852
-1.532972
-1.638328
-2.092045
-0.7506067
0.2353505
-0.9601143
-1.534973
-0.5529815
-2.210365
-3.330012
-4.500836
-5.639888
-6.924716
-7.066498
-5.627713
-6.667771
-7.691609
-6.596835
-8.610762
-9.657339
-8.823929
-8.215326
-7.131269
-6.958559
-5.442367
-5.659575
-5.767826
-6.125542
-5.798498
-7.811442
-7.961137
-8.893328
-8.614915
-7.798079
-8.228339
-7.656009
-7.479015
-6.365443
-6.952548
-8.690782
-8.03711
-8.223767
-7.58441
-7.616251
-6.614015
-7.255082
-7.004045
-6.429009
-7.064032
-6.206748
-5.101866
-7.507091
-8.208056
-8.179607
-6.462115
-7.590409
-6.504163
-5.198278
-6.186543
-6.413961
-6.556064
-6.160051
-8.099491
-11.42027
-10.47819
-10.44104
-10.69959
-10.3552
-10.20585
-9.265381
-11.48328
-13.27684
-11.58474
-13.25723
-14.99442
-15.02106
-14.95525
-16.41758
-16.83698
-16.26014
-16.86706
-16.93628
-15.60233
-16.37008
-15.81688
-17.52554
-18.05227
-15.9885
-15.56477
-14.55622
-13.19508
-13.30103
-13.25953
-12.13963
-11.90047
-12.93955
-13.43131
-13.04712
-13.19459
-13.84507
-13.78876
-14.03537
-12.79914
-12.97747
-11.741
-12.82317
-13.31736
-15.02847
-14.98841
-15.54956
-18.10692
-18.8037
-20.24999
-19.93413
-20.27688
-22.20823
-21.96541
-22.32818
-19.89545
-19.30336
-19.87956
-19.47293
-19.51818
-19.07728
-16.84191
-17.42806
-16.8287
-15.55447
-16.46624
-17.8417
-18.12943
-18.04794
-17.71005
-17.14391
-18.07813
-16.35136
-14.76305
-15.80049
-15.43099
-14.99233
-15.87033
-15.10941
-15.04513
-12.74665
-14.04662
-15.12626
-13.63794
-13.8687
-13.20363
-14.36395
-13.2824
-12.85819
-12.08214
-12.80492
-12.29585
-12.14123
-11.83199
-11.51547
-10.80779
-11.27023
-9.571926
-10.43391
-11.48574
-10.95422
-10.87694
-11.90178
-11.75762
-11.97852
-12.95585
-12.62057
-11.0332
-9.763376
-6.876043
-6.192804
-6.86978
-7.03365
-6.324039
-7.377708
-8.333936
-9.279124
-9.054335
-8.69488
-9.35859
-9.485099
-7.842724
-8.349823
-8.86831
-7.524657
-7.43717
-6.899497
-5.407311
-4.530518
-4.034633
-4.281987
-5.010764
-4.136571
-4.897174
-4.494254
-5.025996
-5.025984
-4.207806
-3.938687
-4.326688
-4.651446
-2.971438
-5.852173
-5.230035
-7.433588
-7.706279
-8.628399
-8.934682
-6.398122
-4.463884
-4.476468
-5.728353
-4.953557
-4.149667
-5.648429
-5.062574
-5.90323
-6.677214
-7.885765
-7.866941
-9.234273
-11.22438
-13.38058
-13.3134
-12.45315
-13.23644
-13.79262
-13.08567
-12.8941
-11.25442
-11.42996
-11.79243
-9.630843
-9.760916
-11.07389
-10.41413
-10.32233
-9.874254
-9.330171
-7.709393
-6.388102
-6.485944
-6.101711
-5.326669
-4.920221
-4.947004
-3.605944
-2.861035
-3.307704
-4.044534
-4.895108
-6.235182
-5.576904
-5.933259
-5.883817
-6.969158
-6.932505
-9.556107
-11.70342
-10.61094
-12.29528
-12.80172
-14.09173
-14.75209
-14.64093
-12.95275
-11.5108
-11.30298
-11.83835
-11.58615
-12.55465
-12.50269
-11.23011
-11.69767
-12.2336
-11.40207
-11.04705
-10.59502
-9.715502
-9.823903
-12.26202
-11.52651
-12.99495
-12.61776
-11.95319
-12.00826
-11.83864
-10.63953
-9.809919
-8.509987
-9.790866
-10.72647
-10.35909
-10.3694
-10.95961
-10.03439
-10.12839
-9.149437
-10.04811
-9.810808
-10.51871
-11.8237
-10.99633
-10.41418
-11.77149
-11.45262
-11.71536
-12.89937
-12.71212
-12.20498
-12.1493
-10.76961
-9.878998
-11.3563
-9.347221
-8.442046
-7.81233
-6.531743
-7.92816
-7.850282
-9.577725
-8.80632
-8.649945
-9.162324
-8.902472
-7.700814
-7.265443
-6.941647
-5.829179
-3.441643
-2.703356
-3.60422
-2.84628
-1.539022
-1.092159
-1.943388
-2.991335
-2.987342
-4.406926
-3.911434
-2.947139
-2.432404
-3.543114
-3.835581
-1.911561
-4.272275
-4.697715
-4.897528
-3.81625
-4.397101
-4.60884
-5.021198
-4.625735
-5.962912
-3.651594
-4.002085
-4.323188
-4.75215
-4.981761
-5.037679
-5.409724
-4.935424
-4.997129
-7.124818
-8.127055
-8.64486
-6.43465
-6.109665
-7.386474
-5.307848
-4.756929
-2.746449
-3.034025
-2.552519
-3.931041
-3.008131
-3.827822
-4.477261
-2.988157
-3.929372
-5.103377
-4.310265
-5.106348
-4.116901
-2.009698
-0.1823906
0.2103873
0.1147318
0.8550599
1.990371
2.783804
3.540681
3.227507
0.734718
0.6596654
-0.2676516
0.9671696
1.150483
1.988849
2.659478
1.295417
1.960691
2.686913
2.980656
2.045877
3.294354
1.604647
3.087025
4.178268
3.86275
5.733468
6.010256
5.377953
6.29634
6.506975
4.592683
4.300503
2.664135
2.052939
1.599486
2.957003
1.483922
1.58684
1.785034
1.345431
0.6011883
1.343096
1.818333
2.061589
2.326345
3.969694
4.956706
4.6098
4.461834
4.187623
5.420024
5.012531
3.920896
4.506621
5.477739
6.161462
7.206999
7.371338
5.634018
5.99355
7.097631
7.812715
7.129821
7.921897
9.24447
11.24999
12.5355
12.65256
13.58753
14.92054
15.90208
16.55823
17.56519
15.95436
15.69846
17.60664
18.30819
17.62249
17.28487
16.26347
17.9141
16.16221
17.9657
16.56804
18.09272
20.33768
20.7874
20.93552
20.62804
22.00386
23.55614
23.51446
22.51549
23.68941
23.81879
23.73829
23.98329
23.51601
23.56578
26.65803
27.65982
27.19408
27.69483
26.56088
25.26368
24.37222
23.71465
23.44621
21.61673
21.84511
22.54464
23.83133
22.47372
22.5402
23.10236
23.28276
21.39855
23.74121
24.55359
24.51845
23.63158
24.10061
25.80148
27.47277
27.65027
27.14654
27.25157
26.07242
26.90932
27.17049
26.18958
28.42226
27.83706
26.93057
26.03413
25.50522
25.76441
25.5441
27.08452
25.83927
27.09284
26.84951
26.22677
25.2126
25.16068
24.26297
23.3321
24.58386
26.38383
25.75542
25.56413
24.32132
24.1276
24.55707
24.7005
24.44556
23.72504
23.87055
21.94223
21.15577
21.94598
21.20098
18.69836
17.13791
18.66478
20.53067
18.70623
19.27025
18.90863
18.32432
18.93333
19.46112
19.11624
18.44202
18.14057
17.57305
16.06025
17.24757
15.97172
15.29679
14.87451
13.61755
12.81867
13.95637
14.6929
16.27814
17.38098
16.39839
17.23092
15.66175
16.97943
18.51358
18.48945
17.8798
17.99143
18.37411
17.42339
18.71094
19.569
20.55172
20.23635
20.26881
21.05985
21.39935
22.34395
22.91275
23.17116
22.94309
23.25348
21.6456
20.74819
21.60389
19.64183
20.59055
20.6946
19.65034
20.35986
20.53516
19.47669
18.79603
17.78136
20.11797
18.94652
16.80509
