-3.320782
-3.020814
-2.880736
-2.676379
-2.676229
-2.66016
-2.623602
-2.557362
-2.502612
-2.492789
-2.438121
-2.405225
-2.39623
-2.362887
-2.360714
-2.271925
-2.217902
-2.203552
-2.156195
-2.147313
-2.141428
-2.136494
-2.127689
-2.074405
-2.062096
-2.04185
-2.013927
-2.012944
-1.990109
-1.962063
-1.939439
-1.931353
-1.931212
-1.928318
-1.927845
-1.914291
-1.898396
-1.887695
-1.88421
-1.878656
-1.855445
-1.829475
-1.824447
-1.793559
-1.788831
-1.776776
-1.751897
-1.738598
-1.738233
-1.737321
-1.737193
-1.727443
-1.711113
-1.708658
-1.689706
-1.684342
-1.672496
-1.657383
-1.636369
-1.626647
-1.61083
-1.607879
-1.607306
-1.600588
-1.584275
-1.569169
-1.560459
-1.545262
-1.526197
-1.517876
-1.512802
-1.498762
-1.4773
-1.473081
-1.468443
-1.462323
-1.457994
-1.446287
-1.429215
-1.419584
-1.411172
-1.400679
-1.398826
-1.397659
-1.396418
-1.378523
-1.375459
-1.367332
-1.36406
-1.357606
-1.357306
-1.345349
-1.340074
-1.337177
-1.330034
-1.320024
-1.312971
-1.304997
-1.299978
-1.297198
-1.290002
-1.284829
-1.280879
-1.276809
-1.275856
-1.256966
-1.256897
-1.251885
-1.249711
-1.24525
-1.242809
-1.239723
-1.222284
-1.221148
-1.208551
-1.201935
-1.195465
-1.195014
-1.184009
-1.179154
-1.178683
-1.174035
-1.174005
-1.17145
-1.170824
-1.162419
-1.160317
-1.157729
-1.157571
-1.139052
-1.13395
-1.128295
-1.119647
-1.113644
-1.11071
-1.106859
-1.091635
-1.087528
-1.085815
-1.085453
-1.085341
-1.082167
-1.079637
-1.064356
-1.05847
-1.053669
-1.05183
-1.047947
-1.046577
-1.045111
-1.044257
-1.04399
-1.040058
-1.039084
-1.037447
-1.024841
-1.023838
-1.021479
-1.021392
-1.018565
-1.014677
-1.01417
-1.012556
-1.002237
-0.9989634
-0.9882646
-0.9825918
-0.9818344
-0.9809082
-0.9773315
-0.9684963
-0.9673221
-0.9562285
-0.9507197
-0.9451874
-0.9412148
-0.9355994
-0.9347789
-0.9342229
-0.9321912
-0.9308738
-0.927317
-0.9221195
-0.9138142
-0.9117712
-0.9064921
-0.9008643
-0.8986775
-0.897711
-0.8974102
-0.8964359
-0.8929574
-0.8914614
-0.8868692
-0.8865238
-0.877996
-0.8619856
-0.8512294
-0.8505803
-0.8505734
-0.8503808
-0.8406565
-0.8388519
-0.8324958
-0.8252594
-0.8196908
-0.818836
-0.8143791
-0.8024887
-0.7988782
-0.7960835
-0.7864688
-0.7832884
-0.7764173
-0.7739843
-0.7737134
-0.771408
-0.7677421
-0.760603
-0.7450033
-0.7442426
-0.7368303
-0.733088
-0.7287776
-0.7227887
-0.7207536
-0.7205138
-0.7202216
-0.713025
-0.7106219
-0.7078981
-0.700965
-0.6967788
-0.6926304
-0.6916348
-0.6904222
-0.6900143
-0.6856952
-0.6828944
-0.6806536
-0.6769761
-0.6764789
-0.6749254
-0.6742192
-0.6637104
-0.6603617
-0.659492
-0.6575677
-0.6512877
-0.6504752
-0.6494399
-0.6410666
-0.6350222
-0.6323034
-0.6297903
-0.6284043
-0.6273626
-0.6248151
-0.6227403
-0.6145338
-0.6111954
-0.6096519
-0.6069224
-0.6054738
-0.5987673
-0.590214
-0.5871049
-0.5861548
-0.5851966
-0.584308
-0.583947
-0.5817907
-0.5813077
-0.5808502
-0.5762008
-0.5748586
-0.5675218
-0.5616683
-0.5611435
-0.5571223
-0.5561805
-0.5359254
-0.5353694
-0.531742
-0.5302965
-0.5289195
-0.5267281
-0.5237078
-0.5222834
-0.5187495
-0.518487
-0.5178045
-0.5161112
-0.512664
-0.5123789
-0.5073424
-0.5070985
-0.5064454
-0.5037254
-0.5021924
-0.5005432
-0.4941902
-0.4919605
-0.4917557
-0.489345
-0.4784442
-0.46957
-0.4691473
-0.4675589
-0.4672756
-0.4657395
-0.4636766
-0.4624353
-0.4601962
-0.4552987
-0.4537177
-0.4534528
-0.4495401
-0.4470622
-0.4466689
-0.4396025
-0.4390121
-0.4384506
-0.43809
-0.4373477
-0.4324991
-0.4313981
-0.4302603
-0.4299908
-0.4289616
-0.4271265
-0.4254397
-0.4222786
-0.4208282
-0.4194047
-0.4177944
-0.4123577
-0.408425
-0.4074935
-0.4059867
-0.4003059
-0.3914329
-0.390362
-0.3888542
-0.3880011
-0.3833004
-0.3788836
-0.3726009
-0.3720454
-0.3692965
-0.3634403
-0.3627679
-0.3624681
-0.3616178
-0.3598621
-0.3577165
-0.3567034
-0.3563549
-0.350491
-0.3469056
-0.3448838
-0.3427475
-0.3400106
-0.339467
-0.3376276
-0.3371245
-0.3343997
-0.3329234
-0.3309754
-0.32719
-0.3247585
-0.3211033
-0.315518
-0.3153691
-0.3131748
-0.3121225
-0.3074763
-0.3062827
-0.3034949
-0.302541
-0.3014487
-0.2990964
-0.2961872
-0.2951967
-0.2924673
-0.29218
-0.2877269
-0.2875759
-0.2797916
-0.2742108
-0.2726918
-0.2700226
-0.2684426
-0.2659725
-0.2635162
-0.2627421
-0.2619958
-0.258555
-0.2558933
-0.2555737
-0.2549453
-0.2535787
-0.2524898
-0.2508169
-0.2473539
-0.2466012
-0.2433293
-0.2422695
-0.2330065
-0.2307636
-0.2296113
-0.2280702
-0.2274179
-0.2217942
-0.2208962
-0.2203092
-0.2172085
-0.2150211
-0.2117392
-0.2109543
-0.201634
-0.1998129
-0.1937271
-0.1912881
-0.1866564
-0.1783269
-0.1772719
-0.175537
-0.1638704
-0.157905
-0.1509262
-0.1496945
-0.1479659
-0.1474723
-0.1421033
-0.1417817
-0.1379296
-0.1373944
-0.1351678
-0.1300729
-0.1286555
-0.1265082
-0.1133537
-0.1111935
-0.1084012
-0.1082507
-0.1074338
-0.1059549
-0.1053553
-0.1037703
-0.1016292
-0.09888291
-0.09784172
-0.09565552
-0.09399431
-0.09319835
-0.09248988
-0.09111356
-0.09107064
-0.08058262
-0.08049954
-0.07891709
-0.0750526
-0.07072648
-0.06991695
-0.06921954
-0.06884403
-0.06581643
-0.0654903
-0.06170463
-0.05591802
-0.0550645
-0.05468494
-0.05191508
-0.04999577
-0.04525463
-0.04168052
-0.04015468
-0.03513428
-0.03184133
-0.02931671
-0.02678313
-0.02663486
-0.02420332
-0.02413214
-0.02388326
-0.01794682
-0.0135485
-0.01258364
-0.01030763
1.193348e-05
0.003993757
0.006737787
0.01274972
0.01882438
0.02665947
0.02817177
0.02844935
0.03246129
0.03665285
0.03715139
0.04005805
0.0415007
0.04377907
0.04773667
0.04944174
0.04977374
0.051952
0.0536808
0.05567987
0.05630389
0.05903138
0.06428198
0.06580442
0.06648138
0.06717558
0.07728399
0.07787832
0.08148341
0.08748702
0.08988614
0.09180321
0.09627446
0.1029177
0.104054
0.105031
0.1111564
0.1116361
0.1169713
0.1170574
0.1213145
0.1233795
0.1240193
0.1283861
0.1293794
0.1298341
0.131075
0.1315312
0.1341554
0.1389837
0.1434287
0.1441593
0.1455084
0.148114
0.1493552
0.1545753
0.154615
0.1563747
0.1568219
0.1619412
0.1636812
0.164339
0.1696206
0.1725935
0.1727104
0.1752933
0.1756358
0.1769938
0.1774993
0.1788648
0.1803991
0.1829077
0.1833136
0.1872527
0.1915679
0.1981937
0.2014135
0.201466
0.2016916
0.2025421
0.2078157
0.2106343
0.2153913
0.2163679
0.2247884
0.2283802
0.2309445
0.2373064
0.2377131
0.2391629
0.242821
0.2432562
0.2449936
0.247076
0.2502469
0.251037
0.252204
0.2539228
0.2546013
0.2584168
0.2591942
0.2598523
0.2611762
0.2619613
0.2640868
0.2647562
0.2691192
0.2705395
0.2767879
0.2784131
0.2789369
0.2894841
0.2937425
0.2940202
0.297897
0.2990901
0.2994796
0.3092472
0.3103895
0.3122278
0.3158558
0.3165137
0.3186301
0.3188675
0.3237955
0.3249844
0.3270444
0.3323503
0.3352802
0.3378953
0.3394966
0.3403174
0.3443941
0.3550192
0.3583692
0.3594552
0.3595327
0.364294
0.3673777
0.3695074
0.3771917
0.3771949
0.3826814
0.3826827
0.3841896
0.3842335
0.3927779
0.3931721
0.3954628
0.396013
0.3980332
0.4029195
0.4049406
0.4064481
0.4066282
0.4100079
0.4135198
0.4150357
0.4173233
0.418996
0.4217728
0.4221087
0.4237283
0.4240024
0.4242119
0.4294774
0.435371
0.4380784
0.4386581
0.4409
0.4422044
0.4430714
0.4458793
0.4468635
0.4480723
0.4489033
0.4497268
0.452039
0.4555489
0.456121
0.4562269
0.4562609
0.4690232
0.4717528
0.4743
0.4748107
0.475237
0.4815058
0.4954921
0.4958852
0.5007481
0.5071422
0.5090754
0.5108563
0.5133652
0.5147351
0.5180295
0.5202194
0.5277898
0.5315186
0.5376727
0.5440836
0.5509188
0.5531947
0.562156
0.5640244
0.5659379
0.5661375
0.5684455
0.5687928
0.57233
0.5750354
0.576847
0.5769373
0.5821439
0.5826596
0.5857256
0.5858555
0.5898739
0.5920912
0.5993602
0.6086025
0.6090099
0.6135264
0.620228
0.6221381
0.6228674
0.626102
0.6297166
0.6320741
0.636918
0.6379942
0.6393568
0.6455222
0.6470461
0.6535578
0.6536714
0.6561512
0.6582779
0.6597572
0.6600489
0.6645654
0.6650739
0.6652734
0.6685938
0.6685985
0.6706286
0.6713496
0.6788797
0.6832389
0.6837232
0.6847272
0.6890462
0.6995297
0.7015499
0.7069507
0.7076799
0.7082216
0.7095201
0.7095816
0.7096116
0.7145327
0.7150839
0.7262226
0.7355149
0.7365263
0.7366142
0.738287
0.7385962
0.7398405
0.7403282
0.7419076
0.7449093
0.7481166
0.7568773
0.7579408
0.7609176
0.7640606
0.771405
0.7734046
0.7747962
0.7750419
0.7760563
0.780805
0.7902136
0.7910368
0.7920758
0.7931119
0.7934335
0.7946803
0.80389
0.8123777
0.8140322
0.8168363
0.8173621
0.8181784
0.8273767
0.8296076
0.8315219
0.8325301
0.83341
0.8368975
0.838366
0.8428756
0.8434416
0.8455144
0.8463814
0.8526264
0.8556956
0.8567775
0.8572835
0.8580569
0.8591532
0.8602535
0.8698414
0.8741936
0.8767927
0.8793703
0.8795134
0.8864621
0.8867848
0.8906155
0.891194
0.8968223
0.9051744
0.9183875
0.9229105
0.9252181
0.9349658
0.9404637
0.9420819
0.9446047
0.948721
0.9538953
0.9642948
0.970202
0.9711172
0.9789483
0.9804641
0.9815341
0.9819914
0.9827254
0.9859572
0.9870116
0.9894478
1.001785
1.002236
1.006959
1.007457
1.008452
1.008556
1.01812
1.018203
1.019736
1.023113
1.0319
1.034686
1.045537
1.065402
1.066659
1.081277
1.081541
1.084057
1.086246
1.091243
1.092484
1.094774
1.09651
1.102838
1.103757
1.104081
1.104882
1.112468
1.113572
1.119898
1.135311
1.136533
1.137703
1.14134
1.161016
1.173919
1.187322
1.199109
1.200363
1.201658
1.231522
1.232401
1.234821
1.236222
1.23647
1.240101
1.240512
1.248477
1.251766
1.253562
1.268309
1.269826
1.272583
1.274233
1.280587
1.285512
1.286686
1.287547
1.297735
1.299932
1.305885
1.307257
1.317681
1.319066
1.321291
1.322231
1.322573
1.326198
1.333016
1.333944
1.34106
1.341439
1.343653
1.346542
1.348184
1.350083
1.357517
1.361142
1.363114
1.375814
1.379678
1.379685
1.381299
1.392877
1.39567
1.395932
1.403203
1.428301
1.438785
1.441949
1.482377
1.488323
1.489104
1.492186
1.516192
1.524679
1.52688
1.534151
1.540423
1.552282
1.575547
1.585242
1.587367
1.588315
1.615191
1.620777
1.639678
1.642374
1.643349
1.648522
1.650629
1.653503
1.671287
1.680009
1.688182
1.692107
1.698303
1.700874
1.717492
1.72677
1.727176
1.757376
1.758748
1.793061
1.799963
1.803493
1.824872
1.827307
1.865888
1.870718
1.881977
1.895276
1.897466
1.908175
1.92402
1.934238
2.005522
2.009077
2.01048
2.063764
2.078626
2.107203
2.161582
2.1686
2.21021
2.232676
2.235376
2.244958
2.298479
2.310297
2.311318
2.336615
2.342659
2.387536
2.432729
2.445683
2.477701
2.536559
2.548853
2.581959
2.613319
2.727888
2.887333
3.09225
3.304151
